CHR.PHYS	RecombRate	Yield
1	0	-0.8666
1	0	1.741
1	0	-4.033
1	0	0.1109
1	0	-0.3944
1	0	0.2527
1	0	1.787
1	0	1.595
1	0	0.3352
1	0	0.3399
1	0	-3.147
1	0	-0.3338
1	0	-1.452
1	0	0.8524
1	0	-5.295
1	0	-2.825
1	0	0.5399
1	0	-1.716
1	0	0.1846
1	0	-0.6298
1	0	-0.4971
1	0	-0.8101
1	0	-0.5852
1	0	-0.3868
1	0	-0.282
1	0	0.7225
1	0	1.091
1	0	0.3445
1	0	-4.072
1	0	-2.68
1	0	-6.395
1	0	2.384
1	0	-1.238
1	0	0.836
1	0	0.1615
1	0	0.3572
1	0	0.8462
1	0	0.003608
1	0	7.453
1	0	-1.81
1	0	-4.235
1	0	-0.2535
1	0	0.0
1	0	-3.63
1	0	-2.524
1	0	-0.008964
1	0	-1.585
1	0	-0.4839
1	0	0.7165
1	0	1.352
1	0	0.4897
1	0	-4.067
1	0	-7.952
1	0	9.258
1	0	-0.08994
1	0	0.7603
1	0	-3.991
1	0	-5.407
1	0	-2.964
1	0	-2.111
1	0	-2.712
1	0	-2.054
1	0	10.2
1	0	1.186
1	0	-2.249
1	0	-1.885
1	0	-2.224
1	0	7.755
1	0	1.207
1	0	-0.4524
1	0	-1.621
1	0	9.504
1	0	-3.505
1	0	-3.377
1	0	0.8472
1	0	-0.5623
1	0	-0.6347
1	0	-2.783
1	0	-1.097
1	0	-0.375
1	0	-3.057
1	0	-0.264
1	0	1.256
1	0	-0.5397
1	0	-0.1186
1	0	22.71
1	0	0.951
1	0	2.831
1	0	2.125
1	0	0.9588
1	0	-3.71
1	0	1.784
1	0	-0.5519
1	0	-0.2183
1	0	-0.3617
1	0	-0.7749
1	0	-3.145
1	0	1.004
1	0	0.006957
1	0	-0.5775
1	0	-1.204
1	0	-9.198
1	0	-2.92
1	0	3.764
1	0	-1.32
1	0	0.8122
1	0	-0.4165
1	0	0.5948
1	0	2.449
1	0	2.12
1	0	0.3478
1	0	2.541
1	0	3.824
1	0	-0.3316
1	0	-1.626
1	0	-0.4314
1	0	3.015
1	0	3.202
1	0	1.297
1	0	1.919
1	0	-1.867
1	0	0.6603
1	0	-0.978
1	0	-0.9497
1	0	-1.114
1	0	-0.0413
1	0	0.9485
1	0	-4.605
1	0	0.8664
1	0	0.4639
1	0	-0.7175
1	0	-0.7808
1	0	0.5054
1	0	-1.756
1	0	4.623
1	0	-0.3719
1	0	-0.2834
1	0	-0.6133
1	0	0.1217
1	0	-5.869
1	0	-1.694
1	0	-8.227
1	0	-12.08
1	0	0.4826
1	0	1.104
1	0	-6.142
1	0	-4.75
1	0	-0.8613
1	0	-0.5338
1	0	-2.721
1	0	-0.7437
1	0	0.08961
1	0	1.409
1	0	0.7248
1	0	1.081
2	0	-2.985
2	0	0.1025
2	0	-1.41
2	0	-1.506
2	0	-0.7785
2	0	2.485
2	0	-1.717
2	0	-3.022
2	0	-3.913
2	0	1.258
2	0	-0.4483
2	0	-0.7318
2	0	6.057
2	0	-3.018
2	0	-0.112
2	0	-1.203
2	0	1.43
2	0	0.2819
2	0	-0.735
2	0	-4.079
2	0	-1.511
2	0	-0.137
2	0	-0.7223
2	0	-0.1568
2	0	0.1454
2	0	-1.329
2	0	-1.256
2	0	-4.706
2	0	-0.5366
2	0	1.286
2	0	-1.65
2	0	14.12
2	0	-1.374
2	0	-3.239
2	0	5.435
2	0	2.028
2	0	2.64
2	0	0.103
2	0	-1.393
2	0	2.997
2	0	-0.1772
2	0	-0.6404
2	0	-1.939
2	0	1.629
2	0	3.347
2	0	-1.402
2	0	0.1182
2	0	-0.3193
2	0	-0.3107
2	0	-0.9395
2	0	-1.564
2	0	2.689
2	0	-1.833
2	0	0.527
2	0	0.1757
2	0	3.189
2	0	-2.545
2	0	-0.9967
2	0	-0.3621
2	0	4.252
2	0	0.411
2	0	0.4423
2	0	0.4096
2	0	-1.482
2	0	4.441
2	0	1.561
2	0	2.941
2	0	-0.3965
2	0	-1.083
2	0	-2.186
2	0	1.983
2	0	-4.886
2	0	1.194
2	0	1.975
2	0	-1.808
2	0	-0.1379
2	0	1.368
2	0	1.843
2	0	-15.74
2	0	2.079
2	0	1.668
2	0	-0.6545
2	0	-0.6408
2	0	4.222
2	0	1.623
2	0	-1.021
2	0	-0.6984
2	0	176.0
2	0	1.671
2	0	-1.7
2	0	4.466
2	0	-1.126
2	0	1.086
2	0	2.735
2	0	0.4479
2	0	1.68
2	0	-2.136
2	0	-0.3271
2	0	0.01255
2	0	0.1101
2	0	1.111
2	0	1.988
2	0	0.2799
2	0	-0.6855
2	0	1.78
2	0	-1.868
2	0	-1.611
2	0	-1.767
3	0	-6.0
3	0	0.8697
3	0	11.97
3	0	-1.147
3	0	-1.875
3	0	-1.272
3	0	1.305
3	0	-2.131
3	0	1.762
3	0	-3.347
3	0	18.25
3	0	6.175
3	0	3.65
3	0	0.1382
3	0	-0.1773
3	0	-0.2037
3	0	-0.2527
3	0	5.301
3	0	-3.686
3	0	-1.585
3	0	-0.6838
3	0	10.74
3	0	-3.193
3	0	-0.3061
3	0	-94.99
3	0	-3.812
3	0	-0.6923
3	0	-2.155
3	0	-0.6866
3	0	-0.8306
3	0	0.9486
3	0	12.51
3	0	-1.889
3	0	-3.746
3	0	4.803
3	0	-3.842
3	0	-0.3994
3	0	0.3082
3	0	1.604
3	0	0.2259
3	0	-2.319
3	0	-1.23
3	0	0.007644
3	0	2.395
3	0	1.949
3	0	-0.3672
3	0	-12.42
3	0	-1.793
3	0	-1.08
3	0	-7.337
3	0	0.1635
3	0	-0.3747
3	0	3.383
3	0	-0.5622
3	0	-4.702
3	0	-0.1766
3	0	-2.238
3	0	13.55
3	0	3.694
3	0	-3.476
3	0	0.6454
3	0	-0.5341
3	0	-1.355
3	0	-0.3801
3	0	0.5691
3	0	-2.523
3	0	0.5358
3	0	-2.012
3	0	-0.9703
3	0	-1.078
3	0	-0.6591
3	0	-1.277
3	0	-1.457
3	0	6.223
3	0	-0.7486
3	0	1.716
3	0	2.117
3	0	-2.257
3	0	3.203
3	0	-2.347
3	0	-0.3777
3	0	3.601
3	0	-0.6043
3	0	-0.5116
3	0	0.2505
3	0	-0.3319
3	0	-3.163
3	0	2.997
3	0	-4.763
3	0	1.954
3	0	0.6751
3	0	11.03
3	0	1.231
3	0	-7.867
3	0	0.2836
3	0	1.805
3	0	-1.388
3	0	-0.1249
3	0	-0.6545
3	0	2.898
3	0	0.2184
3	0	-5.434
3	0	-3.5
3	0	-1.132
3	0	-3.573
3	0	-1.701
3	0	6.853
3	0	-7.279
3	0	6.611
3	0	0.5361
3	0	-2.551
3	0	2.453
3	0	1.823
3	0	-2.263
3	0	-3.003
3	0	-6.318
3	0	1.849
3	0	-10.89
3	0	-0.8377
3	0	0.1481
3	0	1.403
4	0	-2.05
4	0	5.887
4	0	0.6932
4	0	-12.41
4	0	0.6118
4	0	-0.1001
4	0	1.64
4	0	0.1962
4	0	3.041
4	0	-0.8817
4	0	0.4205
4	0	1.976
4	0	-0.5487
4	0	2.61
4	0	2.977
4	0	-1.477
4	0	-2.75
4	0	5.784
4	0	0.03224
4	0	-0.02777
4	0	2.528
4	0	0.1871
4	0	-0.7414
4	0	3.759
4	0	-0.1978
4	0	2.302
4	0	7.99
4	0	2.102
4	0	-1.562
4	0	-0.7051
4	0	2.455
4	0	-0.3788
4	0	-1.316
4	0	1.203
4	0	0.0
4	0	0.1281
4	0	-1.372
4	0	6.492
4	0	1.451
4	0	-2.413
4	0	-7.82
4	0	-2.13
4	0	-4.135
4	0	-7.517
4	0	-5.896
4	0	-0.9689
4	0	15.56
4	0	1.259
4	0	-0.5368
4	0	-0.3727
4	0	1.075
4	0	-6.712
4	0	1.19
4	0	-3.574
4	0	-15.57
4	0	0.3454
4	0	2.189
4	0	-0.8135
4	0	-0.8624
4	0	-1.267
4	0	2.36
4	0	1.442
4	0	0.05711
4	0	-0.5936
4	0	-2.048
4	0	-2.19
4	0	-2.198
4	0	-2.507
4	0	1.822
4	0	-0.4027
4	0	0.05737
4	0	-2.143
4	0	2.477
4	0	0.3268
4	0	-3.089
4	0	0.847
4	0	1.009
4	0	1.332
4	0	3.502
4	0	-12.91
4	0	0.6093
4	0	-4.6
4	0	2.13
4	0	-0.7187
4	0	0.4425
4	0	1.086
4	0	-0.1933
4	0	0.8113
4	0	13.23
4	0	-0.2193
4	0	-1.171
4	0	0.3592
4	0	4.821
4	0	0.2348
4	0	0.2751
4	0	-1.411
4	0	3.525
4	0	1.533
4	0	1.222
4	0	0.3039
4	0	2.996
4	0	-1.191
4	0	-0.2732
4	0	1.839
4	0	1.391
4	0	-0.497
4	0	-0.5485
4	0	-0.6886
4	0	1.786
5	0	1.173
5	0	1.074
5	0	8.299
5	0	-0.4521
5	0	-0.508
5	0	-0.2957
5	0	1.242
5	0	-2.106
5	0	2.859
5	0	-0.8816
5	0	-0.313
5	0	-7.27
5	0	-4.871
5	0	-1.307
5	0	-0.4518
5	0	-0.8688
5	0	-0.5171
5	0	-3.508
5	0	1.015
5	0	-1.076
5	0	0.5609
5	0	-0.508
5	0	2.116
5	0	-1.563
5	0	-1.117
5	0	-1.621
5	0	-0.7215
5	0	-3.45
5	0	0.08599
5	0	-3.953
5	0	-13.39
5	0	-0.5231
5	0	-0.05901
5	0	-0.9377
5	0	0.8546
5	0	1.386
5	0	-1.639
5	0	0.3036
5	0	7.122
5	0	0.6452
5	0	0.1298
5	0	-4.835
5	0	-2.253
5	0	-1.854
5	0	-0.9605
5	0	-3.728
5	0	0.2889
5	0	2.762
5	0	9.888
5	0	-2.513
5	0	0.6882
5	0	0.1671
5	0	-0.8271
5	0	-0.2732
5	0	-1.907
5	0	35.23
5	0	0.5665
5	0	1.539
5	0	-3.8
5	0	2.404
5	0	2.273
5	0	-1.977
5	0	1.573
5	0	-1.386
5	0	-2.321
5	0	1.502
5	0	-8.483
5	0	-0.5998
5	0	0.3263
5	0	2.107
5	0	-2.43
5	0	3.345
5	0	2.852
5	0	-2.594
5	0	4.237
5	0	-1.202
5	0	1.444
5	0	-1.212
5	0	-2.721
5	0	1.517
5	0	-3.155
5	0	-0.3509
5	0	-0.0405
5	0	-0.06617
5	0	1.209
5	0	0.155
5	0	-7.781
5	0	-1.298
5	0	0.3739
5	0	-0.9924
5	0	2.6
5	0	-2.579
5	0	3.631
5	0	-0.8757
5	0	0.3728
5	0	-0.8177
5	0	-2.315
5	0	-1.47
5	0	0.4891
5	0	3.38
5	0	-0.5861
5	0	2.536
5	0	6.194
5	0	1.171
5	0	0.7287
5	0	2.022
5	0	-1.388
5	0	1.176
5	0	-0.1381
5	0	-3.279
5	0	-0.7037
5	0	0.2479
5	0	1.4
5	0	7.48
5	0	16.75
5	0	-0.4494
5	0	4.239
5	0	-3.03
5	0	-3.72
5	0	1.313
5	0	0.3852
5	0	-0.8889
5	0	-1.434
5	0	-0.2233
5	0	3.229
5	0	2.833
6	0	-1.522
6	0	-3.264
6	0	-0.1375
6	0	-0.5537
6	0	1.402
6	0	0.5512
6	0	1.289
6	0	1.456
6	0	-0.3066
6	0	1.352
6	0	3.122
6	0	-16.99
6	0	-0.805
6	0	3.149
6	0	0.9805
6	0	13.27
6	0	3.543
6	0	-49.79
6	0	0.8289
6	0	0.2816
6	0	-3.739
6	0	0.3888
6	0	1.44
6	0	-3.221
6	0	-0.6756
6	0	-11.31
6	0	4.383
6	0	8.685
6	0	-2.389
6	0	15.35
6	0	0.03861
6	0	4.472
6	0	-5.558
6	0	2.148
6	0	1.226
6	0	3.518
6	0	4.202
6	0	0.09048
6	0	-0.4541
6	0	1.614
6	0	-3.517
6	0	-5.103
6	0	0.8848
6	0	0.2287
6	0	0.2668
6	0	1.617
6	0	-0.9916
6	0	12.81
6	0	-1.913
6	0	-6.327
6	0	0.04689
6	0	-0.2266
6	0	1.49
6	0	6.007
6	0	0.2484
6	0	0.8148
6	0	-7.423
6	0	-1.44
6	0	0.7014
6	0	0.8109
6	0	-0.1332
6	0	-2.04
6	0	-3.682
6	0	-0.08364
6	0	-0.2682
6	0	1.7
6	0	5.627
6	0	-21.24
6	0	0.382
6	0	-4.316
6	0	0.766
6	0	-1.411
6	0	-9.515
6	0	-1.067
6	0	-2.459
6	0	-5.301
6	0	-0.4194
6	0	0.3763
6	0	1.025
6	0	-2.48
7	0	-1.348
7	0	2.163
7	0	-1.819
7	0	1.722
7	0	0.2788
7	0	0.2346
7	0	-1.675
7	0	0.3701
7	0	-0.3463
7	0	2.258
7	0	0.2682
7	0	3.519
7	0	7.339
7	0	2.751
7	0	-0.504
7	0	-1.127
7	0	-1.69
7	0	-0.02633
7	0	0.6347
7	0	2.774
7	0	1.891
7	0	-1.479
7	0	-0.7224
7	0	-0.7934
7	0	6.968
7	0	0.2743
7	0	-1.353
7	0	-0.1186
7	0	-1.005
7	0	1.254
7	0	10.54
7	0	-2.157
7	0	-0.9365
7	0	-3.672
7	0	2.211
7	0	0.9518
7	0	-1.148
7	0	3.352
7	0	-0.1039
7	0	-2.059
7	0	2.805
7	0	-2.704
7	0	0.02934
7	0	-1.614
7	0	-0.358
7	0	-1.943
7	0	-0.4665
7	0	-4.464
7	0	-0.1572
7	0	0.03849
7	0	-0.5514
7	0	-8.114
7	0	1.02
7	0	-1.425
7	0	1.077
7	0	10.66
7	0	0.2249
7	0	-0.9616
7	0	3.287
7	0	1.042
7	0	-0.3956
7	0	-3.641
7	0	2.778
7	0	-1.579
7	0	-2.5
7	0	-1.879
8	0	-0.2619
8	0	-2.03
8	0	-3.848
8	0	-2.307
8	0	-1.012
8	0	0.3337
8	0	3.784
8	0	0.5058
8	0	-1.961
8	0	0.2996
8	0	6.731
8	0	-0.7756
8	0	-1.5
8	0	0.3889
8	0	0.3144
8	0	2.575
8	0	1.779
8	0	8.443
8	0	-0.8922
8	0	-4.531
8	0	4.654
8	0	-1.841
8	0	-1.743
8	0	-1.587
8	0	1.697
8	0	1.214
8	0	-2.912
8	0	1.668
8	0	-1.152
8	0	-3.054
8	0	-1.306
8	0	-2.253
8	0	-6.402
8	0	3.045
8	0	-1.352
8	0	0.2722
8	0	-0.3618
8	0	-3.263
8	0	-1.538
8	0	-0.563
8	0	-0.9932
8	0	-0.9758
8	0	-0.4872
8	0	3.612
8	0	-5.114
8	0	-0.207
8	0	3.619
8	0	1.885
8	0	-1.692
8	0	0.0594
8	0	-1.47
8	0	6.073
8	0	-6.696
8	0	44.8
8	0	-2.962
8	0	0.4516
8	0	-0.07461
8	0	-0.145
8	0	-0.5688
8	0	-13.21
8	0	-0.7866
8	0	-0.4804
8	0	-3.177
8	0	-1.439
8	0	-11.06
8	0	-1.444
8	0	0.4285
8	0	-0.2959
8	0	-0.5618
8	0	-0.761
8	0	-3.933
8	0	-0.3623
8	0	-3.177
8	0	-0.003834
8	0	-1.313
8	0	0.3716
8	0	1.189
8	0	-4.459
8	0	0.3699
8	0	-1.651
8	0	1.722
8	0	2.302
8	0	-0.9027
8	0	-4.238
8	0	-2.241
8	0	-10.9
8	0	2.228
8	0	0.3822
8	0	1.601
8	0	0.8385
8	0	-0.2594
8	0	-5.531
8	0	7.256
8	0	-1.074
8	0	0.6895
8	0	0.7223
9	0	-3.894
9	0	-2.063
9	0	5.335
9	0	1.37
9	0	12.51
9	0	-0.0753
9	0	-1.025
9	0	3.784
9	0	3.051
9	0	-0.1029
9	0	-2.372
9	0	-2.555
9	0	-1.486
9	0	0.4079
9	0	-1.045
9	0	-1.244
9	0	1.559
9	0	-0.1876
9	0	-0.477
9	0	-4.123
9	0	3.851
9	0	-2.264
9	0	-2.277
9	0	-0.9067
9	0	-0.4771
9	0	11.97
9	0	-0.05079
9	0	7.456
9	0	0.3023
9	0	0.2478
9	0	-0.9372
9	0	0.9598
9	0	0.6937
9	0	-12.08
9	0	-1.786
9	0	14.91
9	0	1.385
9	0	2.145
9	0	-5.175
9	0	-3.179
9	0	-1.079
9	0	4.22
9	0	-0.4459
9	0	-1.595
9	0	-2.947
9	0	1.688
9	0	-3.206
9	0	-0.4925
9	0	-1.048
9	0	-5.838
9	0	-0.4508
9	0	-3.783
9	0	2.037
9	0	-2.828
9	0	-0.0645
9	0	1.535
9	0	4.308
9	0	0.8724
9	0	0.5753
9	0	-1.331
9	0	8.006
10	0	-0.6152
10	0	8.953
10	0	-0.3883
10	0	-1.644
10	0	-1.113
10	0	-0.4553
10	0	3.004
10	0	1.255
10	0	3.932
10	0	-0.2273
10	0	-0.9506
10	0	3.933
10	0	1.22
10	0	-1.883
10	0	-0.518
10	0	0.0285
10	0	2.236
10	0	2.603
10	0	0.1313
10	0	-0.599
10	0	2.354
10	0	-12.52
10	0	2.603
10	0	4.629
10	0	1.586
10	0	3.802
10	0	11.12
10	0	-5.552
10	0	-0.2759
10	0	-2.333
10	0	-4.907
10	0	-0.3741
10	0	0.3162
10	0	0.09228
10	0	-9.662
10	0	-3.539
10	0	-1.565
10	0	-1.32
10	0	-1.264
10	0	1.248
10	0	2.639
10	0	-0.3428
10	0	-0.2643
10	0	0.2476
10	0	-3.415
10	0	1.566
10	0	-3.366
10	0	4.759
10	0	0.9334
10	0	-0.3681
10	0	7.804
10	0	1.27
10	0	-0.2536
10	0	0.6124
10	0	-1.444
10	0	-2.124
10	0	-2.768
10	0	3.105
10	0	-2.063
10	0	-1.859
10	0	-2.727
10	0	4.637
10	0	-1.378
10	0	6.348
10	0	-2.623
10	0	-3.933
10	0	1.348
10	0	-0.827
10	0	-3.953
10	0	0.2267
10	0	-3.212
10	0	-0.1507
10	0	-0.3758
10	0	5.468
10	0	-1.317
10	0	-1.445
10	0	0.6092
10	0	-3.209
